0000000001102554149000652            CSI Cargo Logistica Integral SA                                                                                                                       0000400433009293917052021170520211705202111478231
000046325617052021053002
000046326617052021053202
000046327617052021053202
000046328617052021053402
000046329617052021054502
000046330617052021054502
000046331617052021054702
000046332617052021054902
000046333617052021055002
000046334617052021055302
000046335617052021055402
000046336617052021055702
000046337617052021055902
000046338617052021060002
9999999990000000000000000000000000000000000000000000149
ADL2AZ6AXKKQBOJYRBUWWCTZLIBDL62YVEA3B2O24NA7CKO7KKR3AQRVQJTYR4VRZFDQ                                