0000000001102554149000652            CSI Cargo Logistica Integral SA                                                                                                                       00004004330092939170520211705202117052021215992B1
000046396617052021080002
000046397617052021080102
000046398617052021080502
000046399617052021080602
000046400617052021080802
000046401617052021080902
000046402617052021081002
000046403617052021081602
000046404617052021081802
000046405617052021081902
000046406617052021082002
000046407617052021082302
000046408617052021082402
000046409617052021082502
000046410617052021082602
000046411617052021082902
9999999990000000000000000000000000000000000000000000169
ADKQYU6KY2OJB74PTNQKUT2KGLOG4VODO4BQ7EVGYDW4V5WPPDYK6UUR6VGA7QI7RRQA                                