0000000001102554149000652            CSI Cargo Logistica Integral SA                                                                                                                       000040043300929390505202105052021050520211530667D
000042984605052021053002
000042985605052021053102
000042986605052021053102
000042987605052021053202
000042988605052021053302
000042989605052021053402
000042990605052021053502
000042991605052021053602
000042992605052021053602
000042993605052021053702
000042994605052021053802
000042995605052021053902
000042996605052021054002
000042997605052021054102
000042998605052021054102
000042999605052021054302
000043000605052021054302
000043001605052021054402
000043002605052021054602
000043003605052021054602
000043004605052021054702
000043005605052021054802
000043006605052021054902
000043007605052021055002
000043008605052021055102
000043009605052021055202
000043010605052021055302
000043011605052021055302
000043012605052021055402
000043013605052021055502
000043014605052021055702
000043015605052021055802
000043016605052021055802
000043017605052021055902
000043018605052021060002
000043019605052021060002
9999999990000000000000000000000000000000000000000000369
AID3EOCWUSEBDOEGY2ZRZ2P67JBLNQFNUABCHKRCWB4G4UVB6NK4UJMNOTHFUPZC3TOQ                                